RMSE 0.218853883472673
Av. abs error 0.176502908501387
Pearson Correlation 0.146170122165433
Spearman Correlation 0.236721145956867
Orness 0.980493696633587
i Shapley i
1 0
2 0.144567383385273
3 0.134236060717219
4 0.144567383385347
5 0.144567383385348
6 0.144567383385281
7 0.142927022356363
8 0.144567383385291
binary number fm.weights
1 0
2 0.999999999999999
3 0.999999999999999
4 0.938012063991617
5 0.938012063991617
6 0.999999999999999
7 0.999999999999999
8 0.999999999999999
9 0.999999999999999
10 0.999999999999999
11 0.999999999999999
12 0.999999999999999
13 0.999999999999999
14 1
15 1
16 0.999999999999998
17 0.999999999999998
18 0.999999999999999
19 0.999999999999999
20 0.999999999999989
21 0.999999999999989
22 0.999999999999998
23 0.999999999999998
24 0.999999999999999
25 0.999999999999999
26 0.999999999999999
27 0.999999999999999
28 0.999999999999989
29 0.999999999999989
30 0.999999999999985
31 0.999999999999985
32 0.999999999999999
33 0.999999999999999
34 0.999999999999999
35 0.999999999999999
36 0.999999999999971
37 0.999999999999971
38 0.999999999999971
39 0.999999999999971
40 0.999999999999999
41 0.999999999999999
42 0.999999999999999
43 0.999999999999999
44 0.999999999999999
45 0.999999999999999
46 1
47 1
48 0.999999999999999
49 0.999999999999999
50 0.999999999999999
51 0.999999999999999
52 0.999999999999999
53 0.999999999999999
54 0.999999999999999
55 0.999999999999999
56 0.999999999999999
57 0.999999999999999
58 1
59 1
60 0.999999999999956
61 0.999999999999956
62 0.999999999999988
63 0.999999999999988
64 0.990157833826689
65 0.990157833826689
66 0.99999999999996
67 0.99999999999996
68 1.00000000000003
69 1.00000000000003
70 1.00000000000005
71 1.00000000000005
72 1.00000000000001
73 1.00000000000001
74 0.999999999999957
75 0.999999999999957
76 1.00000000000003
77 1.00000000000003
78 0.999999999999974
79 0.999999999999974
80 1.00000000000001
81 1.00000000000001
82 1.00000000000005
83 1.00000000000005
84 1.00000000000002
85 1.00000000000002
86 1.00000000000001
87 1.00000000000001
88 1.00000000000001
89 1.00000000000001
90 1.00000000000003
91 1.00000000000003
92 1
93 1
94 1.00000000000001
95 1.00000000000001
96 1.00000000000005
97 1.00000000000005
98 1.00000000000005
99 1.00000000000005
100 1.00000000000001
101 1.00000000000001
102 1.00000000000018
103 1.00000000000018
104 0.999999999999999
105 0.999999999999999
106 0.999999999999951
107 0.999999999999951
108 1.00000000000004
109 1.00000000000004
110 0.999999999999968
111 0.999999999999968
112 1.00000000000004
113 1.00000000000004
114 1.00000000000001
115 1.00000000000001
116 0.999999999999997
117 0.999999999999997
118 0.999999999999958
119 0.999999999999958
120 1.00000000000008
121 1.00000000000008
122 1.00000000000012
123 1.00000000000012
124 1
125 1
126 1.00000000000001
127 1.00000000000001
128 0.999999999999999
129 0.999999999999999
130 0.999999999999999
131 0.999999999999999
132 0.999999999999997
133 0.999999999999997
134 0.999999999999997
135 0.999999999999997
136 0.999999999999999
137 0.999999999999999
138 0.999999999999999
139 0.999999999999999
140 0.999999999999998
141 0.999999999999998
142 0.999999999999998
143 0.999999999999998
144 0.999999999999999
145 0.999999999999999
146 0.999999999999999
147 0.999999999999999
148 0.999999999999994
149 0.999999999999994
150 1.00000000000001
151 1.00000000000001
152 0.999999999999999
153 0.999999999999999
154 0.999999999999999
155 0.999999999999999
156 0.999999999999999
157 0.999999999999999
158 1.00000000000002
159 1.00000000000002
160 0.999999999999999
161 0.999999999999999
162 0.999999999999999
163 0.999999999999999
164 0.999999999999999
165 0.999999999999999
166 0.999999999999999
167 0.999999999999999
168 0.999999999999999
169 0.999999999999999
170 0.999999999999999
171 0.999999999999999
172 0.999999999999998
173 0.999999999999998
174 0.999999999999998
175 0.999999999999998
176 0.999999999999999
177 0.999999999999999
178 0.999999999999999
179 0.999999999999999
180 0.999999999999999
181 0.999999999999999
182 1
183 1
184 0.999999999999999
185 0.999999999999999
186 0.999999999999981
187 0.999999999999981
188 0.999999999999999
189 0.999999999999999
190 1.00000000000034
191 1.00000000000034
192 1
193 1
194 1
195 1
196 1.00000000000003
197 1.00000000000003
198 1.00000000000004
199 1.00000000000004
200 0.999999999999997
201 0.999999999999997
202 0.999999999999999
203 0.999999999999999
204 1.00000000000003
205 1.00000000000003
206 0.999999999999855
207 0.999999999999855
208 1
209 1
210 1
211 1
212 1.00000000000007
213 1.00000000000007
214 1.00000000000012
215 1.00000000000012
216 0.999999999999997
217 0.999999999999997
218 1.00000000000014
219 1.00000000000014
220 1.00000000000008
221 1.00000000000008
222 1.00000000000004
223 1.00000000000004
224 1.00000000000005
225 1.00000000000005
226 1.00000000000003
227 1.00000000000003
228 1.00000000000005
229 1.00000000000005
230 0.999999999999833
231 0.999999999999833
232 1.00000000000001
233 1.00000000000001
234 1.00000000000001
235 1.00000000000001
236 1.00000000000004
237 1.00000000000004
238 0.999999999999729
239 0.999999999999729
240 1.00000000000001
241 1.00000000000001
242 1.00000000000003
243 1.00000000000003
244 1.00000000000003
245 1.00000000000003
246 0.999999999999661
247 0.999999999999661
248 1.00000000000001
249 1.00000000000001
250 1.00000000000002
251 1.00000000000002
252 1.00000000000008
253 1.00000000000008
254 1.00000000000012
255 1.00000000000012
