RMSE 0.354584571539286
Av. abs error 0.319790033814086
Pearson Correlation 0.0968850595353265
Spearman Correlation 0.351062774818424
Orness 0.999442652329757
i Shapley i
1 0.250557347670224
2 0.250557347670272
3 0.248327956989232
4 0.250557347670239
binary number fm.weights
1 1.00000000000001
2 1.00000000000009
3 0.99999999999999
4 0.993311827956937
5 1.00000000000001
6 1.00000000000009
7 0.999999999999991
8 1.00000000000002
9 0.999999999999995
10 1
11 0.999999999999975
12 1.00000000000002
13 0.999999999999992
14 1
15 0.999999999999968
