7 5 3 5 86.2 26.2 94.3 5.1 8.2 51 6.7 0 0.00982650928061946
7 4 10 2 90.6 35.4 669.1 6.7 18 33 0.9 0 0.0108522707541594
7 4 10 6 90.6 43.7 686.9 6.7 14.6 33 1.3 0 0.0113474905026866
8 6 3 5 91.7 33.3 77.5 9 8.3 97 4 0.2 0.0110998272176439
8 6 3 7 89.3 51.3 102.2 9.6 11.4 99 1.8 0 0.0104957074083696
8 6 10 7 92.3 85.3 488 14.7 22.2 29 5.4 0 0.0123715645678158
8 6 10 1 92.3 88.9 495.6 8.5 24.1 27 3.1 0 0.0134244640261183
8 6 10 1 91.5 145.4 608.2 10.7 8 86 2.2 0 0.0119459668128576
8 6 10 2 91 129.5 692.6 7 13.1 63 5.4 0 0.0140657959455812
7 5 10 6 92.5 88 698.6 7.1 22.8 40 4 0 0.0125556091125139
7 5 10 6 92.5 88 698.6 7.1 17.8 51 7.2 0 0.012740228141455
7 5 10 6 92.8 73.2 713 22.6 19.3 38 4 0 0.0125730500011219
6 5 10 5 63.5 70.8 665.3 0.8 17 72 6.7 0 0.011532968290748
6 5 10 1 90.9 126.5 686.5 7 21.3 42 2.2 0 0.0134304155513169
6 5 10 3 92.9 133.3 699.6 9.2 26.4 21 4.5 0 0.0178227311075762
6 5 10 5 93.3 141.2 713.9 13.9 22.9 44 5.4 0 0.0146141198972776
5 5 3 6 91.7 35.8 80.8 7.8 15.1 27 5.4 0 0.0113449569074148
8 5 10 1 84.9 32.8 664.2 3 16.7 47 4.9 0 0.0117099877729622
6 4 3 3 89.2 27.9 70.8 6.3 15.9 35 4 0 0.0105170102420967
6 4 10 6 86.3 27.4 97.1 5.1 9.3 44 4.5 0 0.0097710858604456
6 4 10 2 91 129.5 692.6 7 18.3 40 2.7 0 0.0135226253385459
5 4 10 1 91.8 78.5 724.3 9.2 19.1 38 2.7 0 0.0120414296511383
7 4 10 7 94.3 96.3 200 56.1 21 44 4.5 0 0.0122626856461472
7 4 10 6 90.2 110.9 537.4 6.2 19.5 43 5.8 0 0.011485255300415
7 4 10 6 93.5 139.4 594.2 20.3 23.7 32 5.8 0 0.0145232564590244
7 4 10 7 91.4 142.4 601.4 10.6 16.3 60 5.4 0 0.0124951184414986
7 4 10 5 92.4 117.9 668 12.2 19 34 5.8 0 0.0139001977708506
7 4 10 1 90.9 126.5 686.5 7 19.4 48 1.3 0 0.0130540101439166
6 3 10 6 93.4 145.4 721.4 8.1 30.2 24 2.7 0 0.0202220122761581
6 3 10 7 93.5 149.3 728.6 8.1 22.8 39 3.6 0 0.0142288233453135
6 3 10 5 94.3 85.1 692.3 15.9 25.4 24 3.6 0 0.0152614476434228
6 3 10 1 88.6 91.8 709.9 7.1 11.2 78 7.6 0 0.0122728788036019
6 3 10 5 88.6 69.7 706.8 5.8 20.6 37 1.8 0 0.0115793594650403
6 3 10 7 91.7 75.6 718.3 7.8 17.7 39 3.6 0 0.0121948485819104
6 3 10 1 91.8 78.5 724.3 9.2 21.2 32 2.7 0 0.0120414296511383
6 3 10 2 90.3 80.7 730.2 6.3 18.2 62 4.5 0 0.012353663285846
6 3 10 2 90.6 35.4 669.1 6.7 21.7 24 4.5 0 0.0120563131091086
7 4 10 5 90 41.5 682.6 8.7 11.3 60 5.4 0 0.0122782024117308
7 3 10 6 90.6 43.7 686.9 6.7 17.8 27 4 0 0.0121167177855959
4 4 3 2 88.1 25.7 67.6 3.8 14.1 43 2.7 0 0.00830920626161175
4 4 7 2 79.5 60.6 366.7 1.5 23.3 37 3.1 0 0.0119955960593481
4 4 10 6 90.2 96.9 624.2 8.9 18.4 42 6.7 0 0.0117038430280598
4 4 10 2 94.8 108.3 647.1 17 16.6 54 5.4 0 0.0133865331958299
4 4 10 6 92.5 88 698.6 7.1 19.6 48 2.7 0 0.0121970575344196
4 4 10 3 90.1 82.9 735.7 6.2 12.9 74 4.9 0 0.0124031195159844
5 6 10 3 94.3 85.1 692.3 15.9 25.9 24 4 0 0.0158887458430831
5 6 10 1 90.9 126.5 686.5 7 14.7 70 3.6 0 0.0136895941099136
6 6 7 1 94.2 62.3 442.9 11 23 36 3.1 0 0.0128155744792856
4 4 3 1 87.2 23.9 64.7 4.1 11.8 35 1.8 0 0.00833370628898453
4 4 3 1 87.6 52.2 103.8 5 11 46 5.8 0 0.0098131161914438
4 4 10 4 92.9 137 706.4 9.2 20.8 17 1.3 0 0.0134105872751343
4 3 10 7 90.2 99.6 631.2 6.3 21.5 34 2.2 0 0.0113183404166046
4 3 10 3 92.1 111.2 654.1 9.6 20.4 42 4.9 0 0.0131630626320294
4 3 10 3 92.1 111.2 654.1 9.6 20.4 42 4.9 0 0.0131630626320294
4 3 10 4 91.7 114.3 661.3 6.3 17.6 45 3.6 0 0.0130323840188497
4 3 10 4 92.9 137 706.4 9.2 27.7 24 2.2 0 0.0185463577810716
4 3 10 2 90.3 80.7 730.2 6.3 17.8 63 4.9 0 0.0124204849443021
4 3 10 7 92.6 46.5 691.8 8.8 13.8 50 2.7 0 0.0121491804570534
2 2 2 1 84 9.3 34 2.1 13.9 40 5.4 0 0.00781170816037327
2 2 2 5 86.6 13.2 43 5.3 12.3 51 0.9 0 0.00856505451490375
2 2 3 7 89.3 51.3 102.2 9.6 11.5 39 5.8 0 0.0111892267469312
2 2 3 7 89.3 51.3 102.2 9.6 5.5 59 6.3 0 0.0111892267469312
2 2 10 4 93 75.3 466.6 7.7 18.8 35 4.9 0 0.0120070237013517
2 2 10 7 90.2 99.6 631.2 6.3 20.8 33 2.7 0 0.0112432483374323
2 2 10 1 91.1 103.2 638.8 5.8 23.1 31 3.1 0 0.0127516796798617
2 2 10 4 91.7 114.3 661.3 6.3 18.6 44 4.5 0 0.0133330814819024
2 2 10 5 92.4 117.9 668 12.2 23 37 4.5 0 0.0141802890073797
2 2 10 5 92.4 117.9 668 12.2 19.6 33 5.4 0 0.0139001977708506
2 2 10 5 92.4 117.9 668 12.2 19.6 33 6.3 0 0.0139001977708506
4 5 3 5 91.7 33.3 77.5 9 17.2 26 4.5 0 0.0112668813637843
4 5 3 5 91.2 48.3 97.8 12.5 15.8 27 7.6 0 0.0113391931357166
4 5 10 5 94.3 85.1 692.3 15.9 17.7 37 3.6 0 0.0127728950055266
5 4 3 5 91.7 33.3 77.5 9 15.6 25 6.3 0 0.0113337030222404
5 4 10 2 88.8 147.3 614.5 9 17.3 43 4.5 0 0.01233520940884
5 4 10 5 93.3 141.2 713.9 13.9 27.6 30 1.3 0 0.0181601516161396
9 9 2 4 84.2 6.8 26.6 7.7 6.7 79 3.1 0 0.0103393665510818
9 9 2 5 86.6 13.2 43 5.3 15.7 43 3.1 0 0.00935956957972998
1 3 3 1 87.6 52.2 103.8 5 8.3 72 3.1 0 0.0093367672428646
1 2 10 5 90.1 108 529.8 12.5 14.7 66 2.7 0 0.0113276610012893
1 2 10 2 91 121.2 561.6 7 21.6 19 6.7 0 0.0122040480323569
1 2 10 7 91.4 142.4 601.4 10.6 19.5 39 6.3 0 0.0124951184414986
1 2 10 7 90.2 99.6 631.2 6.3 17.9 44 2.2 0 0.0111597212643621
1 2 10 2 94.8 108.3 647.1 17 18.6 51 4.5 0 0.0133197115373738
1 2 10 3 92.1 111.2 654.1 9.6 16.6 47 0.9 0 0.0118921986186239
1 2 10 4 91.7 114.3 661.3 6.3 20.2 45 3.6 0 0.0130323840188497
1 2 10 4 92.9 137 706.4 9.2 21.5 15 0.9 0 0.0131428263492347
1 2 10 4 92.9 137 706.4 9.2 25.4 27 2.2 0 0.0162755453204309
1 2 10 4 92.9 137 706.4 9.2 22.4 34 2.2 0 0.0137869926825346
1 2 10 7 93.5 149.3 728.6 8.1 25.3 36 3.6 0 0.0165693882310048
6 5 3 6 91.7 35.8 80.8 7.8 17.4 25 4.9 0 0.0113449569074148
6 5 10 6 90.2 96.9 624.2 8.9 14.7 59 5.8 0 0.0117038430280598
8 6 3 5 91.7 35.8 80.8 7.8 17.4 24 5.4 0 0.0113449569074148
8 6 10 7 92.3 85.3 488 14.7 20.8 32 6.3 0 0.0118513958180705
8 6 10 7 91.4 142.4 601.4 10.6 18.2 43 4.9 0 0.0124951184414986
8 6 10 1 91.1 103.2 638.8 5.8 23.4 22 2.7 0 0.0129628067327616
4 4 10 7 89.7 90 704.4 4.8 17.8 64 1.3 0 0.0113652855718433
3 4 2 6 83.9 8 30.2 2.6 12.7 48 1.8 0 0.00715700965360303
3 4 3 6 69 2.4 15.5 0.7 17.4 24 5.4 0 0.00842020376458842
3 4 10 7 91.4 142.4 601.4 10.6 11.6 87 4.5 0 0.0124282967830424
3 4 10 7 91.4 142.4 601.4 10.6 19.8 39 5.4 0 0.0124951184414986
3 4 10 7 91.4 142.4 601.4 10.6 19.8 39 5.4 0 0.0124951184414986
3 4 10 2 88.8 147.3 614.5 9 14.4 66 5.4 0 0.0124020310672962
2 4 10 2 94.8 108.3 647.1 17 20.1 40 4 0 0.0131526573912334
2 4 10 6 92.5 121.1 674.4 8.6 24.1 29 4.5 0 0.0154195767291889
2 4 1 6 82.1 3.7 9.3 2.9 5.3 78 3.1 0 0.00749258852894519
4 5 3 5 85.9 19.5 57.3 2.8 12.7 52 6.3 0 0.00804606134742898
4 5 3 4 91.4 30.7 74.3 7.5 18.2 29 3.1 0 0.0108000683119403
4 5 10 7 90.2 99.6 631.2 6.3 21.4 33 3.1 0 0.0114064466081666
4 5 10 6 92.5 88 698.6 7.1 20.3 45 3.1 0 0.0122638791928757
4 5 10 1 88.6 91.8 709.9 7.1 17.4 56 5.4 0 0.0122728788036019
4 4 3 5 85.9 19.5 57.3 2.8 13.7 43 5.8 0 0.00804606134742898
3 4 3 5 91.7 33.3 77.5 9 18.8 18 4.5 0 0.0112668813637843
3 4 10 7 89.7 90 704.4 4.8 22.8 39 3.6 0 0.0120501263134957
3 4 10 1 91.8 78.5 724.3 9.2 18.9 35 2.7 0 0.0120414296511383
3 4 3 2 88.1 25.7 67.6 3.8 15.8 27 7.6 0 0.0088523768686471
3 5 3 2 88.1 25.7 67.6 3.8 15.5 27 6.3 0 0.0088523768686471
3 4 3 6 91.7 35.8 80.8 7.8 11.6 30 6.3 0 0.0113449569074148
3 4 3 6 91.7 35.8 80.8 7.8 15.2 27 4.9 0 0.0113449569074148
3 4 3 1 90.1 39.7 86.6 6.2 10.6 30 4 0 0.0105773534490761
3 4 10 4 93 75.3 466.6 7.7 19.6 36 3.1 0 0.0115306747527725
3 4 10 1 91.5 145.4 608.2 10.7 10.3 74 2.2 0 0.0119459668128576
3 4 10 1 91.5 145.4 608.2 10.7 17.1 43 5.4 0 0.0125726644929632
3 4 10 7 92.4 124.1 680.7 8.5 22.5 42 5.4 0 0.0143025275888678
3 4 10 2 84.4 73.4 671.9 3.2 17.9 45 3.1 0 0.0115768380623016
3 4 10 5 94.3 85.1 692.3 15.9 19.8 50 5.4 0 0.0131404141270354
3 4 10 7 92.6 46.5 691.8 8.8 20.6 24 5.4 0 0.0126923510640887
3 5 3 1 87.6 52.2 103.8 5 9 49 2.2 0 0.00918641851133828
3 5 10 5 93.5 149.3 728.6 8.1 17.2 43 3.1 0 0.0140707367425877
3 5 10 3 91.4 37.9 673.8 5.2 15.9 46 3.6 0 0.0119433331751776
2 5 10 7 92.6 46.5 691.8 8.8 15.4 35 0.9 0 0.0114214870506833
4 6 2 6 68.2 21.5 87.2 0.8 15.4 40 2.7 0 0.0073448005702766
4 6 3 1 87.2 23.9 64.7 4.1 14 39 3.1 0 0.00855087667896699
4 6 3 7 89.3 51.3 102.2 9.6 10.6 46 4.9 0 0.0111892267469312
4 6 10 4 93.7 80.9 685.2 17.9 17.6 42 3.1 0 0.0125306698499294
3 5 3 2 88.1 25.7 67.6 3.8 14.9 38 2.7 0 0.00830920626161175
3 5 10 6 93.5 139.4 594.2 20.3 17.6 52 5.8 0 0.0128687632085957
3 6 10 7 92.4 124.1 680.7 8.5 17.2 58 1.3 0 0.013299424501362
3 6 10 1 90.9 126.5 686.5 7 15.6 66 3.1 0 0.0135807642828432
9 9 7 2 85.8 48.3 313.4 3.9 18 42 2.7 0 0.00903167985457243
1 4 10 2 91 129.5 692.6 7 21.7 38 2.2 0 0.0134390982654757
2 5 10 1 90.9 126.5 686.5 7 21.9 39 1.8 0 0.0133635938928607
1 2 10 3 95.5 99.9 513.3 13.2 23.3 31 4.5 0 0.0138438056076292
8 6 10 5 90.1 108 529.8 12.5 21.2 51 8.9 0 0.0118708316083247
1 2 7 6 90 51.3 296.3 8.7 16.6 53 5.4 0 0.0115242397234845
2 5 10 3 95.5 99.9 513.3 13.2 23.8 32 5.4 0 0.0144042821488333
6 5 10 4 95.2 131.7 578.8 10.4 27.4 22 4 0 0.0180087971292329
5 4 3 1 90.1 39.7 86.6 6.2 13.2 40 5.4 0 0.0108112292536725
8 3 10 2 84.4 73.4 671.9 3.2 24.2 28 3.6 0 0.0130836295494001
2 2 10 2 94.8 108.3 647.1 17 17.4 43 6.7 0 0.0133865331958299
8 6 10 4 93.7 80.9 685.2 17.9 23.7 25 4.5 0 0.0137503231766055
6 5 10 5 92.5 56.4 433.3 7.1 23.2 39 5.4 0 0.0130566992952601
9 9 7 7 90.1 68.6 355.2 7.2 24.8 29 2.2 0 0.0136725886144776
3 4 7 6 90.1 51.2 424.1 6.2 24.6 43 1.8 0 0.0133815526432973
5 4 10 5 94.3 85.1 692.3 15.9 20.1 47 4.9 0 0.0131404141270354
1 5 10 6 93.4 145.4 721.4 8.1 29.6 27 2.7 0 0.0202220122761581
7 4 10 7 94.8 108.3 647.1 17 16.4 47 1.3 0 0.0123834301083241
2 4 10 6 93.4 145.4 721.4 8.1 28.6 27 2.2 0 0.0195460993437903
2 2 10 3 92.1 111.2 654.1 9.6 18.4 45 3.6 0 0.0127955435105206
2 4 10 3 92.1 111.2 654.1 9.6 20.5 35 4 0 0.0129291868274329
7 4 10 5 92.4 117.9 668 12.2 19 34 5.8 0 0.0139001977708506
7 4 3 1 90.1 39.7 86.6 6.2 16.1 29 3.1 0 0.0103348803050933
6 4 10 4 95.2 131.7 578.8 10.4 20.3 41 4 0 0.0127012577464691
6 3 3 6 90.6 50.1 100.4 7.8 15.2 31 8.5 0 0.0112959635481737
8 6 10 6 92.5 121.1 674.4 8.6 17.8 56 1.8 0 0.0135442831724473
8 5 10 7 89.7 90 704.4 4.8 17.8 67 2.2 0 0.0117416909792436
6 5 3 4 84.9 18.2 55 3 5.3 70 4.5 0 0.00809626811689686
6 5 10 3 92.1 111.2 654.1 9.6 16.6 47 0.9 0 0.0118921986186239
6 5 10 3 96 127.1 570.5 16.5 23.4 33 4.5 0 0.0141425584340308
6 5 3 5 91.2 48.3 97.8 12.5 14.6 26 9.4 0 0.0113391931357166
8 6 10 4 95.2 131.7 578.8 10.4 20.7 45 2.2 0 0.0123084358709601
5 4 10 3 92.9 133.3 699.6 9.2 21.9 35 1.8 0 0.0137201710240785
8 6 10 3 85.6 90.4 609.6 6.6 17.4 50 4 0 0.0109837933920013
7 4 10 7 91.4 142.4 601.4 10.6 20.1 39 5.4 0 0.0124951184414986
4 4 10 1 90.9 126.5 686.5 7 17.7 39 2.2 0 0.0134304155513169
1 4 10 6 90.2 96.9 624.2 8.9 14.2 53 1.8 0 0.0110103236894981
1 4 10 6 90.2 96.9 624.2 8.9 20.3 39 4.9 0 0.0117038430280598
6 5 10 4 81.5 9.1 55.2 2.7 5.8 54 5.8 0 0.00788583888766908
2 5 10 7 90.2 99.6 631.2 6.3 19.2 44 2.7 0 0.0112432483374323
2 5 10 3 90.1 82.9 735.7 6.2 18.3 45 2.2 0 0.0117764218358789
8 6 10 2 88.8 147.3 614.5 9 14.4 66 5.4 0 0.0124020310672962
1 3 10 7 92.4 124.1 680.7 8.5 23.9 32 6.7 0 0.0153101155785201
8 6 10 1 84.9 32.8 664.2 3 19.1 32 4 0 0.0114761119683657
5 4 2 7 86.8 15.6 48.3 3.9 12.4 53 2.2 0 0.00820935140284319
7 4 10 1 91.7 48.5 696.1 11.1 16.8 45 4.5 0 0.0124438863160321
8 6 10 5 93.9 135.7 586.7 15.1 20.8 34 4.9 0 0.0128817412173499
2 5 10 2 91 129.5 692.6 7 17.6 46 3.1 0 0.013589446997002
8 6 3 7 89.3 51.3 102.2 9.6 11.5 39 5.8 0 0.0111892267469312
1 5 10 1 90.9 126.5 686.5 7 21 42 2.2 0 0.0134304155513169
6 4 3 6 90.8 41.9 89.4 7.9 13.3 42 0.9 0 0.0100049520125046
7 4 3 7 90.7 44 92.4 5.5 11.5 60 4 0 0.0101474450798847
6 5 3 5 91.2 48.3 97.8 12.5 11.7 33 4 0 0.0111053173311201
2 5 10 4 95.2 131.7 578.8 10.4 24.2 28 2.7 0 0.0145401110772069
2 2 10 2 94.8 108.3 647.1 17 24.6 22 4.5 0 0.0156148943874777
4 5 10 3 92.9 133.3 699.6 9.2 24.3 25 4 0 0.0155823264538943
2 2 10 2 94.8 108.3 647.1 17 24.6 22 4.5 0 0.0156148943874777
2 5 10 5 93.9 135.7 586.7 15.1 23.5 36 5.4 0 0.0143387725146794
6 5 10 4 81.5 9.1 55.2 2.7 5.8 54 5.8 0 0.00788583888766908
4 5 10 4 92.9 137 706.4 9.2 21.5 15 0.9 0 0.0131428263492347
3 4 10 2 91 129.5 692.6 7 13.9 59 6.3 0 0.0140657959455812
2 4 10 1 63.5 70.8 665.3 0.8 22.6 38 3.6 0 0.0113180774957573
1 5 10 2 91 129.5 692.6 7 21.6 33 2.2 0 0.0134390982654757
6 5 3 7 90.1 37.6 83.7 7.2 12.4 54 3.6 0 0.0108280793763518
7 4 2 7 83.9 8.7 32.1 2.1 8.8 68 2.2 0 0.00718316099304254
8 6 10 3 91.4 37.9 673.8 5.2 20.2 37 2.7 0 0.011767681689651
5 6 3 6 90.6 50.1 100.4 7.8 15.1 64 4 0 0.0110620877435772
4 5 10 4 92.9 137 706.4 9.2 22.1 34 1.8 0 0.0137201710240785
2 2 10 6 93.5 139.4 594.2 20.3 22.9 31 7.2 0 0.013824629738091
7 5 10 2 91 129.5 692.6 7 20.7 37 2.2 0 0.0134390982654757
6 5 10 5 92.4 117.9 668 12.2 19.6 33 6.3 0 0.0139001977708506
8 3 10 4 93.7 80.9 685.2 17.9 23.2 26 4.9 0 0.0133234899523137
4 4 10 6 90.6 43.7 686.9 6.7 18.4 25 3.1 0 0.0118742446416132
7 4 10 6 93.5 139.4 594.2 20.3 5.1 96 5.8 0 0.0128687632085957
7 4 10 5 94.3 85.1 692.3 15.9 20.1 47 4.9 0 0.0131404141270354
7 3 3 1 87.6 52.2 103.8 5 11 46 5.8 0 0.0098131161914438
4 4 3 6 91.7 35.8 80.8 7.8 17 27 4.9 0 0.0113449569074148
4 4 3 6 91.7 35.8 80.8 7.8 17 27 4.9 0 0.0113449569074148
4 4 10 7 92.4 124.1 680.7 8.5 16.9 60 1.3 0 0.013299424501362
1 3 10 1 88.6 91.8 709.9 7.1 12.4 73 6.3 0 0.0122728788036019
4 5 10 3 92.9 133.3 699.6 9.2 19.4 19 1.3 0 0.0134105872751343
6 5 3 1 90.1 39.7 86.6 6.2 15.2 27 3.1 0 0.0103348803050933
8 6 10 7 90.2 99.6 631.2 6.3 16.2 59 3.1 0 0.0113100699958884
3 4 10 5 93.3 141.2 713.9 13.9 18.6 49 3.6 0 0.0141351014601492
4 3 3 1 87.6 52.2 103.8 5 11 46 5.8 0 0.0098131161914438
2 2 7 5 88.3 150.3 309.9 6.8 13.4 79 3.6 0 0.0113470236319569
7 4 10 3 90.1 82.9 735.7 6.2 15.4 57 4.5 0 0.0123362978575283
4 4 10 7 93.5 149.3 728.6 8.1 22.9 39 4.9 0 0.0146585850067866
7 5 10 1 91.7 48.5 696.1 11.1 16.1 44 4 0 0.0122768321698917
8 6 10 6 92.2 81.8 480.8 11.9 20.1 34 4.5 0 0.0117623416048598
4 6 10 7 93.5 149.3 728.6 8.1 28.3 26 3.1 0 0.0194224877004223
8 6 10 6 92.2 81.8 480.8 11.9 16.4 43 4 0 0.0115952874587195
4 4 10 3 92.9 133.3 699.6 9.2 26.4 21 4.5 0 0.0178227311075762
1 5 10 7 93.5 149.3 728.6 8.1 27.8 27 3.1 0 0.0189288328176743
6 4 10 2 91 129.5 692.6 7 18.7 43 2.7 0 0.0135226253385459
9 4 10 2 84.4 73.4 671.9 3.2 24.3 36 3.1 0 0.0130735306988793
4 5 10 6 92.5 121.1 674.4 8.6 17.7 25 3.1 0 0.0137614535624298
8 6 10 7 91.4 142.4 601.4 10.6 19.6 41 5.8 0 0.0124951184414986
2 2 10 6 92.5 121.1 674.4 8.6 18.2 46 1.8 0 0.0135442831724473
1 2 10 2 91 129.5 692.6 7 18.8 40 2.2 0 0.0134390982654757
6 5 10 6 92.5 121.1 674.4 8.6 25.1 27 4 0 0.0162398323485445
7 5 10 7 81.9 3 7.9 3.5 13.4 75 1.8 0 0.00769095283677947
6 3 10 3 88 17.2 43.5 3.8 15.2 51 2.7 0 0.00825022209099157
4 4 10 5 83 23.3 85.3 2.3 16.7 20 3.1 0 0.00814563978564497
2 4 10 7 94.2 122.3 589.9 12.9 15.4 66 4 0 0.012746969353396
7 4 10 7 91.8 175.1 700.7 13.8 21.9 73 7.6 1 0.014169132260341
2 4 10 7 91.8 175.1 700.7 13.8 22.4 54 7.6 0 0.014169132260341
3 4 10 7 91.8 175.1 700.7 13.8 26.8 38 6.3 0 0.0180399185699316
5 4 10 7 91.8 175.1 700.7 13.8 25.7 39 5.4 0 0.016953877827886
2 4 10 3 92.2 91.6 503.6 9.6 20.7 70 2.2 0 0.0112024655832105
8 6 10 3 93.1 157.3 666.7 13.5 28.7 28 2.7 0 0.019561909159667
3 4 10 3 93.1 157.3 666.7 13.5 21.7 40 0.4 0 0.0125632716526985
8 5 10 3 93.1 157.3 666.7 13.5 26.8 25 3.1 0 0.0177528422636808
8 5 10 3 93.1 157.3 666.7 13.5 24 36 3.1 0 0.0149883749202921
6 5 10 3 93.1 157.3 666.7 13.5 22.1 37 3.6 0 0.0137913846422012
7 4 10 4 91.9 109.2 565.5 8 21.4 38 2.7 0 0.0117014563642444
6 3 10 4 91.6 138.1 621.7 6.3 18.9 41 3.1 0 0.0119819267090669
2 5 10 4 87.5 77 694.8 5 22.3 46 4 0 0.0119708260509927
8 6 10 6 94.2 117.2 581.1 11 23.9 41 2.2 0 0.0141169854213721
4 3 10 6 94.2 117.2 581.1 11 21.4 44 2.7 0 0.0123707857209456
3 4 10 6 91.8 170.9 692.3 13.7 20.6 59 0.9 0 0.0128982682469355
7 4 10 6 91.8 170.9 692.3 13.7 23.7 40 1.8 0 0.0142857389583324
2 4 10 1 93.6 97.9 542 14.4 28.3 32 4 0 0.018297115371249
3 4 10 5 91.6 112.4 573 8.9 11.2 84 7.6 0 0.0122316530872488
2 4 10 5 91.6 112.4 573 8.9 21.4 42 3.1 0 0.0117775325687008
6 3 10 5 91.1 141.1 629.1 7.1 19.3 39 3.6 0 0.0123820680074206
4 4 10 5 94.3 167.6 684.4 13 21.8 53 3.1 0 0.0142485971806234
4 4 10 2 93.7 102.2 550.3 14.6 22.1 54 7.6 0 0.0129326571006299
6 5 10 2 94.3 131.7 607.1 22.7 19.4 55 4 0 0.0129433856436886
2 2 10 2 92.1 152.6 658.2 14.3 23.7 24 3.1 0 0.0143837772714664
3 4 10 2 92.1 152.6 658.2 14.3 21 32 3.1 0 0.0132019917526895
4 4 10 2 92.1 152.6 658.2 14.3 19.1 53 2.7 0 0.0131351700942334
2 2 10 2 92.1 152.6 658.2 14.3 21.8 56 3.1 0 0.0132019917526895
8 6 10 2 92.1 152.6 658.2 14.3 20.1 58 4.5 0 0.0136115190428126
2 5 10 2 92.1 152.6 658.2 14.3 20.2 47 4 0 0.0134444648966722
4 6 12 7 84.4 27.2 353.5 6.8 4.8 57 8.5 0 0.0110548493398314
8 6 12 3 84 27.8 354.6 5.3 5.1 61 8 0 0.0100135762127976
4 6 12 4 84.6 26.4 352 2 5.1 61 4.9 0 0.00935063017497861
4 4 12 1 85.4 25.4 349.7 2.6 4.6 21 8.5 0 0.00935620112118545
3 4 12 1 85.4 25.4 349.7 2.6 4.6 21 8.5 0 0.00935620112118545
4 4 12 1 85.4 25.4 349.7 2.6 4.6 21 8.5 0 0.00935620112118545
4 4 12 1 85.4 25.4 349.7 2.6 4.6 21 8.5 0 0.00935620112118545
4 6 12 5 84.7 26.7 352.6 4.1 2.2 59 4.9 0 0.00935524714768227
6 5 12 2 85.4 25.4 349.7 2.6 5.1 24 8.5 0 0.00935620112118545
6 3 2 7 84.9 27.5 353.5 3.4 4.2 51 4 0 0.00913245027881205
3 4 2 3 86.9 6.6 18.7 3.2 8.8 35 3.1 0 0.00784143504761903
5 4 2 5 85.2 4.9 15.8 6.3 7.5 46 8 0 0.0104821384508986
2 5 7 7 93.9 169.7 411.8 12.3 23.4 40 6.3 0 0.0138774963211376
7 6 7 3 91.2 183.1 437.7 12.5 12.6 90 7.6 0.2 0.0119663414640719
7 4 7 6 91.6 104.2 474.9 9 22.1 49 2.7 0 0.0119226028437508
7 4 7 6 91.6 104.2 474.9 9 24.2 32 1.8 0 0.01346247603562
7 4 7 6 91.6 104.2 474.9 9 24.3 30 1.8 0 0.0135612070121696
2 5 7 6 91.6 104.2 474.9 9 18.7 53 1.8 0 0.0113143279024433
9 4 7 6 91.6 104.2 474.9 9 25.3 39 0.9 0 0.0139711721028218
4 5 7 5 91.6 100.2 466.3 6.3 22.9 40 1.3 0 0.0119606106829945
7 6 7 2 93.1 180.4 430.8 11 26.9 28 5.4 0 0.0171552200623378
8 6 7 2 92.3 88.8 440.9 8.5 17.1 67 3.6 0 0.0114838766965617
7 5 10 7 93.1 180.4 430.8 11 22.2 48 1.3 0 0.0118584012245616
6 4 10 7 90.4 89.5 290.8 6.4 14.3 46 1.8 0 0.010640389001071
8 6 10 7 90.4 89.5 290.8 6.4 15.4 45 2.2 0 0.0107072106595271
8 6 10 3 91.2 147.8 377.2 12.7 19.6 43 4.9 0 0.0119663414640719
6 5 10 6 53.4 71 233.8 0.4 10.6 90 2.7 0 0.00815924701597371
6 5 10 1 90.4 93.3 298.1 7.5 20.7 25 4.9 0 0.0115848004445854
6 5 10 1 90.4 93.3 298.1 7.5 19.1 39 5.4 0 0.0115848004445854
3 6 10 5 91.1 94.1 232.1 7.1 19.2 38 4.5 0 0.0115787577852411
3 6 10 5 91.1 94.1 232.1 7.1 19.2 38 4.5 0 0.0115787577852411
6 5 5 6 85.1 28 113.8 3.5 11.3 94 4.9 0 0.00872572981479145
1 4 10 7 89.6 84.1 714.3 5.7 19 52 2.2 0 0.0117330082650847
7 4 10 7 89.6 84.1 714.3 5.7 17.1 53 5.4 0 0.0123597059451903
3 4 10 7 89.6 84.1 714.3 5.7 23.8 35 3.6 0 0.0129010438367842
2 4 10 7 92.4 105.8 758.1 9.9 16 45 1.8 0 0.012677493325867
2 4 10 7 92.4 105.8 758.1 9.9 24.9 27 2.2 0 0.0147392127394714
7 4 10 7 92.4 105.8 758.1 9.9 25.3 27 2.7 0 0.01521766371874
6 3 10 7 92.4 105.8 758.1 9.9 24.8 28 1.8 0 0.0145736601044657
2 4 10 7 50.4 46.2 706.6 0.4 12.2 78 6.3 0 0.0114726411291099
6 5 10 3 92.6 115.4 777.1 8.8 24.3 27 4.9 0 0.0153752309094497
4 4 10 3 92.6 115.4 777.1 8.8 19.7 41 1.8 0 0.0132791996750374
3 4 10 3 91.2 134.7 817.5 7.2 18.5 30 2.7 0 0.0135399907668636
4 5 10 4 92.4 96.2 739.4 8.6 18.6 24 5.8 0 0.0128137714247673
4 4 10 4 92.4 96.2 739.4 8.6 19.2 24 4.9 0 0.0128137714247673
6 5 10 4 92.8 119 783.5 7.5 21.6 27 2.2 0 0.0135994519078755
5 4 10 4 92.8 119 783.5 7.5 21.6 28 6.3 0 0.014226149587981
6 3 10 4 92.8 119 783.5 7.5 18.9 34 7.2 0 0.014226149587981
1 4 10 4 92.8 119 783.5 7.5 16.8 28 4 0 0.0139922737833845
6 5 10 4 92.8 119 783.5 7.5 16.8 28 4 0 0.0139922737833845
3 5 10 4 90.7 136.9 822.8 6.8 12.9 39 2.7 0 0.0134965771960694
6 5 10 4 88.1 53.3 726.9 5.4 13.7 56 1.8 0 0.0115285659329702
1 4 10 6 92.2 102.3 751.5 8.4 24.2 27 3.1 0 0.0139508186570151
5 4 10 6 92.2 102.3 751.5 8.4 24.1 27 3.1 0 0.0138520876804655
6 5 10 6 92.2 102.3 751.5 8.4 21.2 32 2.2 0 0.0124966890061877
6 5 10 6 92.2 102.3 751.5 8.4 19.7 35 1.8 0 0.0124298673477315
4 3 10 6 92.2 102.3 751.5 8.4 23.5 27 4 0 0.0135021749651506
3 3 10 6 92.2 102.3 751.5 8.4 24.2 27 3.1 0 0.0139508186570151
7 4 10 6 91.2 124.4 795.3 8.5 21.5 28 4.5 0 0.0140163397154428
4 4 10 6 91.2 124.4 795.3 8.5 17.1 41 2.2 0 0.0134564636937934
1 4 10 1 92.1 87.7 721.1 9.5 18.1 54 3.1 0 0.0121749489738579
2 3 10 1 91.6 108.4 764 6.2 18 51 5.4 0 0.0133440717288013
4 3 10 1 91.6 108.4 764 6.2 9.8 86 1.8 0 0.0126505523902396
7 4 10 1 91.6 108.4 764 6.2 19.3 44 2.2 0 0.0127173740486957
6 3 10 1 91.6 108.4 764 6.2 23 34 2.2 0 0.0128911159042796
8 6 10 1 91.6 108.4 764 6.2 22.7 35 2.2 0 0.0127173740486957
2 4 10 1 91.6 108.4 764 6.2 20.4 41 1.8 0 0.0126505523902396
2 5 10 1 91.6 108.4 764 6.2 19.3 44 2.2 0 0.0127173740486957
8 6 10 1 91.9 111.7 770.3 6.5 15.7 51 2.2 0 0.0129756233890927
6 3 10 1 91.5 130.1 807.1 7.5 20.6 37 1.8 0 0.0134156901778137
8 6 10 1 91.5 130.1 807.1 7.5 15.9 51 4.5 0 0.0140423878579193
6 3 10 1 91.5 130.1 807.1 7.5 12.2 66 4.9 0 0.0141092095163754
2 2 10 1 91.5 130.1 807.1 7.5 16.8 43 3.1 0 0.0136328605677962
1 4 10 1 91.5 130.1 807.1 7.5 21.3 35 2.2 0 0.0134825118362699
5 4 10 5 92.1 99 745.3 9.6 10.1 75 3.6 0 0.0125420833338964
3 4 10 5 92.1 99 745.3 9.6 17.4 57 4.5 0 0.012842780796949
5 4 10 5 92.1 99 745.3 9.6 12.8 64 3.6 0 0.0125420833338964
5 4 10 5 92.1 99 745.3 9.6 10.1 75 3.6 0 0.0125420833338964
4 4 10 5 92.1 99 745.3 9.6 15.4 53 6.3 0 0.0129096024554051
7 4 10 5 92.1 99 745.3 9.6 20.6 43 3.6 0 0.0125420833338964
7 4 10 5 92.1 99 745.3 9.6 19.8 47 2.7 0 0.0123664318483698
7 4 10 5 92.1 99 745.3 9.6 18.7 50 2.2 0 0.0122829047752996
4 4 10 5 92.1 99 745.3 9.6 20.8 35 4.9 0 0.0129096024554051
4 4 10 5 92.1 99 745.3 9.6 20.8 35 4.9 0 0.0129096024554051
6 3 10 5 92.5 122 789.7 10.2 15.9 55 3.6 0 0.0139572410221135
6 3 10 5 92.5 122 789.7 10.2 19.7 39 2.7 0 0.0137815895365869
1 4 10 5 92.5 122 789.7 10.2 21.1 39 2.2 0 0.0136980624635167
6 5 10 5 92.5 122 789.7 10.2 18.4 42 2.2 0 0.0136980624635167
4 3 10 5 92.5 122 789.7 10.2 17.3 45 4 0 0.0140908843390258
7 4 10 5 88.2 55.2 732.3 11.6 15.2 64 3.1 0 0.0117617989983874
4 3 10 2 91.9 111.7 770.3 6.5 15.9 53 2.2 0 0.0129756233890927
6 5 10 2 91.9 111.7 770.3 6.5 21.1 35 2.7 0 0.0130591504621629
6 5 10 2 91.9 111.7 770.3 6.5 19.6 45 3.1 0 0.0131259721206191
4 5 10 2 91.1 132.3 812.1 12.5 15.9 38 5.4 0 0.0140744786597401
4 5 10 2 91.1 132.3 812.1 12.5 16.4 27 3.6 0 0.0137069595382313
6 5 10 6 91.2 94.3 744.4 8.4 16.8 47 4.9 0 0.0124986293717316
4 5 10 7 91 276.3 825.1 7.1 13.8 77 7.6 0 0.0140657959455812
7 4 10 7 91 276.3 825.1 7.1 13.8 77 7.6 0 0.0140657959455812
3 4 7 3 91.9 133.6 520.5 8 14.2 58 4 0 0.0118406691006719
4 5 10 7 92 203.2 664.5 8.1 10.4 75 0.9 0 0.0125766437029734
5 4 10 4 94.8 222.4 698.6 13.9 20.3 42 2.7 0 0.0142262406316762
6 5 10 5 90.3 290 855.3 7.4 10.3 78 4 0 0.0137711411418729
6 5 10 6 91.2 94.3 744.4 8.4 15.4 57 4.9 0 0.0124986293717316
8 6 10 1 92.1 207 672.6 8.2 21.1 54 2.2 0 0.0134891277522822
2 2 10 6 93.7 231.1 715.1 8.4 21.9 42 2.2 0 0.0139648531205703
6 5 3 4 90.9 18.9 30.6 8 8.7 51 5.8 0 0.0111598534360918
4 5 1 7 18.7 1.1 171.4 0 5.2 100 0.9 0 0.00628780379215202
5 4 7 3 93.7 101.3 458.8 11.9 19.3 39 7.2 0 0.0124747308908488
8 6 10 4 90.7 194.1 643 6.8 16.2 63 2.7 0 0.0124772985343303
8 6 10 3 95.2 217.7 690 18 28.2 29 1.8 0 0.0193289118814349
9 6 10 4 91.6 248.4 753.8 6.3 20.5 58 2.7 0 0.0135814965437967
8 4 10 6 91.6 273.8 819.1 7.7 21.3 44 4.5 0 0.0140578454923759
2 4 10 7 91.6 181.3 613 7.6 20.9 50 2.2 0 0.0120100338618831
3 4 10 7 90.5 96.7 750.5 11.4 20.6 55 5.4 0 0.0125626491919189
5 5 3 4 90.9 18.9 30.6 8 11.6 48 5.4 0 0.0111598534360918
6 4 10 5 94.8 227 706.7 12 23.3 34 3.1 0 0.0147082644204871
7 4 10 5 94.8 227 706.7 12 23.3 34 3.1 0 0.0147082644204871
7 4 2 1 84.7 9.5 58.3 4.1 7.5 71 6.3 0 0.00895916273021411
8 6 10 5 91.1 91.3 738.1 7.2 20.7 46 2.7 0 0.0119467760505374
1 3 10 7 91 276.3 825.1 7.1 21.9 43 4 0 0.0138319201409847
2 4 3 2 93.4 15 25.6 11.4 15.2 19 7.6 0 0.0116275933410818
6 5 2 1 84.1 4.6 46.7 2.2 5.3 68 1.8 0 0.00707065914759411
4 5 2 7 85 9 56.9 3.5 10.1 62 1.8 0 0.00783631672645201
4 3 10 7 90.5 96.7 750.5 11.4 20.4 55 4.9 0 0.0125626491919189
5 6 10 7 91.6 181.3 613 7.6 24.3 33 3.6 0 0.0145160915302061
1 2 10 6 93.7 231.1 715.1 8.4 25.9 32 3.1 0 0.0170974093727409
9 5 10 3 93.3 49.5 297.7 14 28 34 4.5 0 0.0178643901718841
9 5 10 3 93.3 49.5 297.7 14 28 34 4.5 0 0.0178643901718841
3 4 10 4 91.1 88.2 731.7 8.3 22.8 46 4 0 0.0123053276286317
9 9 10 5 94.8 227 706.7 12 25 36 4 0 0.016629164165813
8 6 10 4 90.7 194.1 643 6.8 21.3 41 3.6 0 0.0126529500198569
2 4 10 3 87.9 84.8 725.1 3.7 21.8 34 2.2 0 0.0115854021243846
2 2 10 2 94.6 212.1 680.9 9.5 27.9 27 2.2 0 0.0190995406102423
6 5 10 6 87.1 291.3 860.6 4 17 67 4.9 0 0.0137818359088557
4 5 2 6 84.7 8.2 55 2.9 14.2 46 4 0 0.00785300813487136
4 3 10 5 90.3 290 855.3 7.4 19.9 44 3.1 0 0.0135286679978902
1 4 7 2 92.3 96.2 450.2 12.1 23.4 31 5.4 0 0.0133054719769171
6 3 2 5 84.1 7.3 52.8 2.7 14.7 42 2.7 0 0.00737527753314781
7 4 2 5 84.6 3.2 43.6 3.3 8.2 53 9.4 0 0.00829414629304318
9 4 7 1 92.3 92.1 442.1 9.8 22.8 27 4.5 0 0.0126781981491453
7 5 10 6 93.7 231.1 715.1 8.4 26.4 33 3.6 0 0.0176998940825593
5 4 10 7 93.6 235.1 723.1 10.1 24.1 50 4 0 0.0155404923840764
8 6 10 4 94.8 222.4 698.6 13.9 27.5 27 4.9 0 0.0193313143841494
6 3 7 2 92.7 164.1 575.8 8.9 26.3 39 3.1 0 0.0162497163735187
6 5 3 3 93.4 17.3 28.3 9.9 13.8 24 5.8 0 0.0116275933410818
2 4 10 7 92 203.2 664.5 8.1 24.9 42 5.4 0 0.0160864652405078
2 5 10 7 91.6 181.3 613 7.6 24.8 36 4 0 0.0151433897298663
8 8 10 3 91.7 191.4 635.9 7.8 26.2 36 4.5 0 0.0169468175177941
2 4 10 3 95.2 217.7 690 18 30.8 19 4.5 0 0.0209429193270364
8 6 7 7 88.9 263.1 795.9 5.2 29.3 27 3.6 0 0.0197562695735179
1 3 10 6 91.2 94.3 744.4 8.4 22.3 48 4 0 0.0122647535671351
8 6 10 6 93.7 231.1 715.1 8.4 26.9 31 3.6 0 0.0181935489653073
2 2 10 4 91.6 248.4 753.8 6.3 20.4 56 2.2 0 0.0134979694707265
8 6 10 4 91.6 248.4 753.8 6.3 20.4 56 2.2 0 0.0134979694707265
2 4 10 1 92.1 207 672.6 8.2 27.9 33 2.2 0 0.0185259577987295
1 3 10 4 94.8 222.4 698.6 13.9 26.2 34 5.8 0 0.0180478116890046
3 4 10 7 91.6 181.3 613 7.6 24.6 44 4 0 0.0149459277767671
7 4 10 4 89.7 287.2 849.3 6.8 19.4 45 3.6 0 0.0135854015400076
1 3 10 6 92.1 178 605.3 9.6 23.3 40 4 0 0.0136956102528573
8 6 10 4 94.8 222.4 698.6 13.9 23.9 38 6.7 0 0.0157769992283639
2 4 10 7 93.6 235.1 723.1 10.1 20.9 66 4.9 0 0.0145693182459214
1 4 10 5 90.6 269.8 811.2 5.5 22.2 45 3.6 0 0.0136635459674371
2 5 7 6 90.8 84.7 376.6 5.6 23.8 51 1.8 0 0.0126792361896373
8 6 10 1 92.1 207 672.6 8.2 26.8 35 1.3 0 0.0170635116492837
8 6 10 6 89.4 253.6 768.4 9.7 14.2 73 2.7 0 0.0133837019120045
2 5 10 6 93.7 231.1 715.1 8.4 23.6 53 4 0 0.0150690700560829
1 3 10 5 91.1 91.3 738.1 7.2 19.1 46 2.2 0 0.0118632489774672
5 4 10 5 90.3 290 855.3 7.4 16.2 58 3.6 0 0.0136374978249606
8 6 10 1 92.1 207 672.6 8.2 25.5 29 1.8 0 0.016089592703083
6 5 10 1 87.9 24.9 41.6 3.7 10.9 64 3.1 0 0.00823667757673096
1 2 7 5 90.7 80.9 368.3 16.8 14.8 78 8 0 0.0116108485870619
2 5 10 5 90.3 290 855.3 7.4 16.2 58 3.6 0 0.0136374978249606
5 5 10 7 94 47.9 100.7 10.7 17.3 80 4.5 0 0.0118573483461813
6 5 10 7 92 203.2 664.5 8.1 19.1 70 2.2 0 0.0132208100362733
3 4 3 3 93.4 17.3 28.3 9.9 8.9 35 8 0 0.0116275933410818
7 4 10 3 89.7 284.9 844 10.1 10.5 77 4 0 0.0137190448569199
7 4 10 7 91.6 181.3 613 7.6 19.3 61 4.9 0 0.0126367315419886
4 5 10 3 95.2 217.7 690 18 23.4 49 5.4 0 0.0152833443456159
1 4 10 5 90.5 196.8 649.9 16.3 11.8 88 4.9 0 0.0132127318133758
7 4 10 1 91.5 238.2 730.6 7.5 17.7 65 4 0 0.0138753337117789
4 5 10 4 89.4 266.2 803.3 5.6 17.4 54 3.1 0 0.0134505235704607
3 4 10 4 91.6 248.4 753.8 6.3 16.8 56 3.1 0 0.0136483182022528
3 4 7 1 94.6 160 567.2 16.7 17.9 48 2.7 0 0.0122744901921557
2 4 10 4 91.6 248.4 753.8 6.3 16.6 59 2.7 0 0.0135814965437967
1 4 10 3 91.7 191.4 635.9 7.8 19.9 50 4 0 0.012678040962102
8 6 10 6 93.7 231.1 715.1 8.4 18.9 64 4.9 0 0.0145915508006759
7 4 10 6 91.6 273.8 819.1 7.7 15.5 72 8 0 0.0141246671508321
2 5 10 6 93.7 231.1 715.1 8.4 18.9 64 4.9 0 0.0145915508006759
8 6 10 6 93.7 231.1 715.1 8.4 18.9 64 4.9 0 0.0145915508006759
1 4 10 7 91 276.3 825.1 7.1 14.5 76 7.6 0 0.0140657959455812
6 5 2 2 75.1 4.4 16.2 1.9 4.6 82 6.3 0 0.00759461975614976
6 4 2 2 75.1 4.4 16.2 1.9 5.1 77 5.4 0 0.00759461975614976
2 2 2 6 79.5 3.6 15.3 1.8 4.6 59 0.9 0 0.00639271366170452
6 5 3 1 87.2 15.1 36.9 7.1 10.2 45 5.8 0 0.0108864256007503
3 4 3 3 90.2 18.5 41.1 7.3 11.2 41 5.4 0 0.0110990744369799
6 5 3 4 91.3 20.6 43.5 8.5 13.3 27 3.6 0 0.0108270651712183
6 3 10 7 91 14.6 25.6 12.3 13.7 33 9.4 0 0.0111685361502506
5 4 10 7 91 14.6 25.6 12.3 17.6 27 5.8 0 0.0111685361502506
4 3 5 5 89.6 25.4 73.7 5.7 18 40 4 0 0.0101315301252651
8 3 10 1 88.2 96.2 229 4.7 14.3 79 4 0 0.00978616986612395
9 4 10 6 90.5 61.1 252.6 9.4 24.5 50 3.1 0 0.0135614752729904
4 3 10 4 93 103.8 316.7 10.8 26.4 35 2.7 0 0.0160961620178
2 5 10 4 93.7 121.7 350.2 18 22.7 40 9.4 0 0.0133061123404155
4 3 7 4 93.5 85.3 395 9.9 27.2 28 1.3 0 0.0162251608172828
4 3 7 7 93.7 101.3 423.4 14.7 26.1 45 4 0 0.0162648917738713
7 4 7 7 93.7 101.3 423.4 14.7 18.2 82 4.5 0 0.0124079092323927
7 4 7 1 89.2 103.9 431.6 6.4 22.6 57 4.9 0 0.0125618260904976
9 9 7 4 93.2 114.4 560 9.5 30.2 25 4.5 0 0.0194735987677302
4 3 7 4 93.2 114.4 560 9.5 30.2 22 4.9 0 0.0195404204261863
3 4 10 7 94.9 130.3 587.1 14.1 23.4 40 5.8 0 0.014377487651204
8 6 10 7 94.9 130.3 587.1 14.1 31 27 5.4 0 0.0201038842910806
2 5 10 7 94.9 130.3 587.1 14.1 33.1 25 4 0 0.0198700084864841
2 4 10 1 95 135.5 596.3 21.3 30.6 28 3.6 0 0.019829533214162
5 4 10 2 95.1 141.3 605.8 17.7 24.1 43 6.3 0 0.015257978664642
5 4 10 2 95.1 141.3 605.8 17.7 26.4 34 3.6 0 0.017161272003774
4 4 10 2 95.1 141.3 605.8 17.7 19.4 71 7.6 0 0.013208561508015
4 4 10 3 95.1 141.3 605.8 17.7 20.6 58 1.3 0 0.0122054584205092
4 4 10 3 95.1 141.3 605.8 17.7 28.7 33 4 0 0.019565727781327
4 4 10 4 95.8 152 624.1 13.8 32.4 21 4.5 0 0.0204117602032588
1 3 10 5 95.9 158 633.6 11.3 32.4 27 2.2 0 0.0199480903146101
1 3 10 5 95.9 158 633.6 11.3 27.5 29 4.5 0 0.0188295397349164
6 6 10 6 96 164 643 14 30.8 30 4.9 0 0.0206699814315795
6 6 10 1 96.2 175.5 661.8 16.8 23.9 42 2.2 0 0.015000928868073
4 5 10 1 96.2 175.5 661.8 16.8 32.6 26 3.1 0 0.020384019356728
3 4 10 2 96.1 181.1 671.2 14.3 32.3 27 2.2 0 0.0203288640620656
6 5 10 2 96.1 181.1 671.2 14.3 33.3 26 2.7 0 0.0204123911351358
7 5 10 2 96.1 181.1 671.2 14.3 27.3 63 4.9 6.4 0.0190796731877287
8 6 10 2 96.1 181.1 671.2 14.3 21.6 65 4.9 0.8 0.0146068735087472
7 5 10 2 96.1 181.1 671.2 14.3 21.6 65 4.9 0.8 0.0146068735087472
4 4 10 2 96.1 181.1 671.2 14.3 20.7 69 4.9 0.4 0.0146068735087472
2 4 10 3 94.5 139.4 689.1 20 29.2 30 4.9 0 0.0210097409854926
4 3 10 3 94.5 139.4 689.1 20 28.9 29 4.9 0 0.0207135480558438
1 2 10 4 91 163.2 744.4 10.1 26.7 35 1.8 0 0.0171443319400606
1 2 10 5 91 166.9 752.6 7.1 18.5 73 8.5 0 0.0140657959455812
2 4 10 5 91 166.9 752.6 7.1 25.9 41 3.6 0 0.0166804843447167
1 2 10 5 91 166.9 752.6 7.1 25.9 41 3.6 0 0.0166804843447167
5 4 10 5 91 166.9 752.6 7.1 21.1 71 7.6 1.4 0.0140657959455812
6 5 10 5 91 166.9 752.6 7.1 18.2 62 5.4 0 0.0140657959455812
8 6 10 7 81.6 56.7 665.6 1.9 27.8 35 2.7 0 0.0164105075773532
4 3 10 7 81.6 56.7 665.6 1.9 27.8 32 2.7 0 0.0164105075773532
2 4 10 7 81.6 56.7 665.6 1.9 21.9 71 5.8 0 0.0118738016553319
7 4 10 7 81.6 56.7 665.6 1.9 21.2 70 6.7 0 0.0118738016553319
1 4 10 6 94.4 146 614.7 11.3 25.6 42 4 0 0.0165729649097146
6 3 11 2 79.5 3 106.7 1.1 11.8 31 4.5 0 0.0077088431664515
